# 1000 small particles collide each other
7.82637e-06 0.131538 0.032 -0.032 5 0.012 0 0 200
0.532767 0.218959 0.018 -0.032 5 0.012 0 0 200
0.679296 0.934693 0.02 -0.02 5 0.012 0 0 200
0.830965 0.0345721 -0.01 0.032 5 0.012 0 0 200
0.671149 0.00769819 0.02 0.01 5 0.012 0 0 200
0.417486 0.686773 -0.018 -0.01 5 0.012 0 0 200
0.846167 0.526929 -0.018 -0.032 5 0.012 0 0 200
0.262453 0.0474645 0.02 0.032 5 0.012 0 0 200
0.632639 0.75641 -0.018 0.04 5 0.012 0 0 200
0.247039 0.98255 0.032 -0.04 5 0.012 0 0 200
0.651519 0.0726859 -0.032 0.04 5 0.012 0 0 200
0.27271 0.436411 0.04 0.032 5 0.012 0 0 200
0.237774 0.274907 -0.032 0.02 5 0.012 0 0 200
0.486517 0.897656 0.02 0.032 5 0.012 0 0 200
0.904653 0.504523 -0.018 0.018 5 0.012 0 0 200
0.986642 0.493977 -0.01 -0.032 5 0.012 0 0 200
0.947764 0.0737491 -0.032 0.04 5 0.012 0 0 200
0.277082 0.913817 -0.02 0.018 5 0.012 0 0 200
0.827817 0.125365 -0.018 0.04 5 0.012 0 0 200
0.868247 0.629543 -0.02 0.018 5 0.012 0 0 200
0.999458 0.888572 -0.032 0.032 5 0.012 0 0 200
0.351015 0.513274 0.01 -0.04 5 0.012 0 0 200
0.412081 0.841511 -0.032 0.018 5 0.012 0 0 200
0.537304 0.467917 0.04 -0.032 5 0.012 0 0 200
0.15372 0.571655 -0.01 -0.01 5 0.012 0 0 200
0.53445 0.49848 -0.018 0.04 5 0.012 0 0 200
0.554584 0.890737 -0.02 -0.032 5 0.012 0 0 200
0.159768 0.212752 -0.032 0.01 5 0.012 0 0 200
0.0909903 0.274588 0.018 -0.032 5 0.012 0 0 200
0.0268763 0.70982 0.032 0.02 5 0.012 0 0 200
0.180896 0.31754 0.01 -0.02 5 0.012 0 0 200
0.150335 0.681346 -0.01 0.04 5 0.012 0 0 200
0.499741 0.147533 0.04 0.04 5 0.012 0 0 200
0.590109 0.955409 -0.032 -0.01 5 0.012 0 0 200
0.983305 0.408767 0.02 -0.018 5 0.012 0 0 200
0.252126 0.488515 0.01 -0.032 5 0.012 0 0 200
0.126031 0.199757 0.018 0.032 5 0.012 0 0 200
0.126712 0.651254 -0.02 -0.04 5 0.012 0 0 200
0.0283752 0.901673 0.02 0.018 5 0.012 0 0 200
0.947487 0.410313 -0.04 0.018 5 0.012 0 0 200
0.0921736 0.162199 0.018 0.02 5 0.012 0 0 200
0.253057 0.135109 0.032 -0.01 5 0.012 0 0 200
0.349524 0.4523 0.01 -0.018 5 0.012 0 0 200
0.651646 0.215248 -0.04 -0.02 5 0.012 0 0 200
0.250126 0.86086 0.018 -0.032 5 0.012 0 0 200
0.600394 0.817561 -0.02 0.018 5 0.012 0 0 200
0.951367 0.632739 -0.018 0.01 5 0.012 0 0 200
0.688981 0.702207 -0.032 -0.04 5 0.012 0 0 200
0.85127 0.289316 0.04 0.032 5 0.012 0 0 200
0.103434 0.414028 0.032 -0.01 5 0.012 0 0 200
0.440039 0.729748 0.01 0.04 5 0.012 0 0 200
0.80072 0.706535 0.04 -0.02 5 0.012 0 0 200
0.886031 0.524987 -0.02 -0.04 5 0.012 0 0 200
0.713422 0.488943 0.018 0.04 5 0.012 0 0 200
0.199555 0.916634 0.01 0.02 5 0.012 0 0 200
0.543948 0.139195 -0.02 -0.018 5 0.012 0 0 200
0.215532 0.446023 0.032 -0.018 5 0.012 0 0 200
0.881504 0.439726 -0.02 -0.04 5 0.012 0 0 200
0.365158 0.211519 -0.04 -0.032 5 0.012 0 0 200
0.630488 0.61635 0.018 -0.032 5 0.012 0 0 200
0.773352 0.727335 0.04 -0.018 5 0.012 0 0 200
0.708921 0.828708 -0.018 0.02 5 0.012 0 0 200
0.764005 0.629572 0.018 0.02 5 0.012 0 0 200
0.0810608 0.388823 -0.01 -0.02 5 0.012 0 0 200
0.389854 0.269215 0.018 -0.01 5 0.012 0 0 200
0.776866 0.783865 0.02 0.02 5 0.012 0 0 200
0.193967 0.0113162 0.018 -0.01 5 0.012 0 0 200
0.244054 0.819726 -0.032 -0.02 5 0.012 0 0 200
0.60101 0.17688 -0.018 -0.018 5 0.012 0 0 200
0.987937 0.257169 -0.01 -0.01 5 0.012 0 0 200
0.219411 0.634717 -0.02 -0.04 5 0.012 0 0 200
0.696243 0.75294 0.02 -0.04 5 0.012 0 0 200
0.0564407 0.598217 0.02 -0.02 5 0.012 0 0 200
0.699834 0.117437 -0.02 0.032 5 0.012 0 0 200
0.553911 0.587989 -0.032 -0.04 5 0.012 0 0 200
0.143045 0.161688 -0.032 0.018 5 0.012 0 0 200
0.813266 0.556836 0.032 0.04 5 0.012 0 0 200
0.135332 0.528548 0.032 -0.01 5 0.012 0 0 200
0.518084 0.430848 -0.018 0.032 5 0.012 0 0 200
0.393018 0.446866 -0.032 0.02 5 0.012 0 0 200
0.279293 0.0782632 -0.02 -0.01 5 0.012 0 0 200
0.671784 0.676237 -0.02 -0.04 5 0.012 0 0 200
0.720768 0.944753 0.02 -0.04 5 0.012 0 0 200
0.32156 0.460434 0.032 0.018 5 0.012 0 0 200
0.401833 0.60564 0.018 -0.032 5 0.012 0 0 200
0.670098 0.343818 -0.018 -0.02 5 0.012 0 0 200
0.546137 0.917848 -0.01 -0.018 5 0.012 0 0 200
0.707826 0.436638 0.018 0.01 5 0.012 0 0 200
0.991533 0.695679 -0.01 0.02 5 0.012 0 0 200
0.163081 0.903301 0.032 -0.032 5 0.012 0 0 200
0.436426 0.00634169 0.02 0.018 5 0.012 0 0 200
0.0668498 0.544023 0.01 0.018 5 0.012 0 0 200
0.385769 0.626861 -0.018 0.04 5 0.012 0 0 200
0.538661 0.280289 0.032 0.02 5 0.012 0 0 200
0.686102 0.310169 0.02 0.04 5 0.012 0 0 200
0.52096 0.77588 -0.04 -0.018 5 0.012 0 0 200
0.0506026 0.477804 -0.04 0.04 5 0.012 0 0 200
0.44649 0.150312 -0.032 0.04 5 0.012 0 0 200
0.695637 0.577776 0.04 0.04 5 0.012 0 0 200
0.0574753 0.986883 -0.032 0.018 5 0.012 0 0 200
0.856193 0.0293555 0.02 -0.02 5 0.012 0 0 200
0.576173 0.738959 -0.032 -0.01 5 0.012 0 0 200
0.0355877 0.122507 0.018 -0.02 5 0.012 0 0 200
0.351319 0.614126 0.02 -0.04 5 0.012 0 0 200
0.552862 0.954028 0.032 -0.02 5 0.012 0 0 200
0.813048 0.897914 0.02 0.02 5 0.012 0 0 200
0.00607937 0.175974 -0.02 0.018 5 0.012 0 0 200
0.0825065 0.687414 0.02 0.04 5 0.012 0 0 200
0.123637 0.973346 -0.02 -0.018 5 0.012 0 0 200
0.494245 0.769437 -0.04 -0.04 5 0.012 0 0 200
0.359658 0.769114 -0.032 0.01 5 0.012 0 0 200
0.230572 0.221667 -0.032 0.04 5 0.012 0 0 200
0.61661 0.371466 0.04 0.04 5 0.012 0 0 200
0.653012 0.165928 0.04 -0.02 5 0.012 0 0 200
0.0476386 0.661994 -0.032 0.032 5 0.012 0 0 200
0.48418 0.621046 0.04 0.032 5 0.012 0 0 200
0.441633 0.519175 0.01 -0.04 5 0.012 0 0 200
0.44279 0.97718 0.018 0.04 5 0.012 0 0 200
0.37252 0.939725 0.04 -0.02 5 0.012 0 0 200
0.0703352 0.123849 -0.02 0.032 5 0.012 0 0 200
0.517707 0.105185 0.04 -0.018 5 0.012 0 0 200
0.42389 0.327228 -0.04 -0.032 5 0.012 0 0 200
0.871884 0.758246 -0.01 -0.018 5 0.012 0 0 200
0.104969 0.216386 0.018 -0.02 5 0.012 0 0 200
0.66882 0.863643 -0.032 0.018 5 0.012 0 0 200
0.263663 0.382822 -0.032 -0.018 5 0.012 0 0 200
0.232867 0.795353 0.02 0.018 5 0.012 0 0 200
0.266119 0.664689 -0.02 0.032 5 0.012 0 0 200
0.963476 0.134039 0.04 0.01 5 0.012 0 0 200
0.171155 0.606001 -0.01 -0.02 5 0.012 0 0 200
0.292468 0.509658 -0.02 0.01 5 0.012 0 0 200
0.726443 0.329434 -0.01 -0.018 5 0.012 0 0 200
0.0453407 0.0414204 0.032 -0.018 5 0.012 0 0 200
0.0617314 0.519303 -0.018 0.04 5 0.012 0 0 200
0.204563 0.0889927 -0.032 0.032 5 0.012 0 0 200
0.494631 0.261779 0.02 -0.01 5 0.012 0 0 200
0.200645 0.232608 0.032 -0.032 5 0.012 0 0 200
0.861187 0.977238 -0.018 -0.04 5 0.012 0 0 200
0.523772 0.0316388 -0.018 -0.01 5 0.012 0 0 200
0.822891 0.329579 0.01 0.018 5 0.012 0 0 200
0.430618 0.403581 0.018 -0.01 5 0.012 0 0 200
0.850531 0.867514 -0.02 -0.04 5 0.012 0 0 200
0.997599 0.639523 -0.018 0.04 5 0.012 0 0 200
0.159216 0.94525 -0.018 -0.02 5 0.012 0 0 200
0.0410748 0.343613 0.018 -0.02 5 0.012 0 0 200
0.516908 0.674525 0.01 0.04 5 0.012 0 0 200
0.380115 0.586016 -0.04 -0.032 5 0.012 0 0 200
0.589809 0.925503 0.04 0.01 5 0.012 0 0 200
0.50597 0.831256 -0.01 -0.04 5 0.012 0 0 200
0.723836 0.519337 0.018 -0.02 5 0.012 0 0 200
0.976116 0.57436 0.032 -0.01 5 0.012 0 0 200
0.698558 0.667049 0.04 -0.032 5 0.012 0 0 200
0.610738 0.667965 0.02 0.032 5 0.012 0 0 200
0.588888 0.441313 -0.018 -0.04 5 0.012 0 0 200
0.731364 0.0316565 0.032 0.01 5 0.012 0 0 200
0.320642 0.0350595 0.02 0.02 5 0.012 0 0 200
0.382969 0.551829 -0.02 0.032 5 0.012 0 0 200
0.935252 0.77203 0.01 -0.04 5 0.012 0 0 200
0.650128 0.696996 -0.018 0.02 5 0.012 0 0 200
0.479783 0.71045 -0.01 0.032 5 0.012 0 0 200
0.605538 0.280104 0.02 0.032 5 0.012 0 0 200
0.938254 0.235403 0.04 0.018 5 0.012 0 0 200
0.783002 0.920252 -0.04 0.04 5 0.012 0 0 200
0.275353 0.858766 -0.01 0.02 5 0.012 0 0 200
0.436491 0.107739 0.018 -0.018 5 0.012 0 0 200
0.33851 0.330758 -0.01 0.04 5 0.012 0 0 200
0.485286 0.202482 -0.018 0.01 5 0.012 0 0 200
0.864609 0.491841 0.02 0.01 5 0.012 0 0 200
0.468101 0.380608 -0.02 0.04 5 0.012 0 0 200
0.412248 0.651295 -0.02 0.04 5 0.012 0 0 200
0.770046 0.170796 -0.018 -0.04 5 0.012 0 0 200
0.803268 0.522215 -0.02 -0.032 5 0.012 0 0 200
0.869494 0.586862 0.01 0.018 5 0.012 0 0 200
0.52567 0.939871 -0.018 0.02 5 0.012 0 0 200
0.749145 0.880784 0.018 0.018 5 0.012 0 0 200
0.743126 0.718919 0.01 0.01 5 0.012 0 0 200
0.710114 0.87906 0.02 0.02 5 0.012 0 0 200
0.161029 0.416796 0.04 -0.01 5 0.012 0 0 200
0.562612 0.813047 0.04 0.018 5 0.012 0 0 200
0.635205 0.896524 -0.032 -0.02 5 0.012 0 0 200
0.113071 0.377485 -0.018 0.032 5 0.012 0 0 200
0.12174 0.0768218 0.02 0.018 5 0.012 0 0 200
0.708588 0.238019 0.02 0.02 5 0.012 0 0 200
0.859213 0.794278 0.032 -0.02 5 0.012 0 0 200
0.498631 0.483873 -0.04 -0.01 5 0.012 0 0 200
0.440268 0.585675 -0.018 -0.032 5 0.012 0 0 200
0.670197 0.995401 -0.02 0.04 5 0.012 0 0 200
0.849278 0.819527 0.04 -0.018 5 0.012 0 0 200
0.00960789 0.479779 -0.01 -0.018 5 0.012 0 0 200
0.644898 0.799035 -0.01 -0.02 5 0.012 0 0 200
0.3895 0.334307 0.01 -0.02 5 0.012 0 0 200
0.291525 0.666856 0.02 -0.01 5 0.012 0 0 200
0.144142 0.602249 0.01 0.032 5 0.012 0 0 200
0.381955 0.516531 0.032 -0.032 5 0.012 0 0 200
0.291 0.833648 0.02 0.02 5 0.012 0 0 200
0.755856 0.665973 -0.04 0.04 5 0.012 0 0 200
0.51459 0.719155 0.018 0.018 5 0.012 0 0 200
0.202449 0.566183 0.018 0.032 5 0.012 0 0 200
0.93411 0.589419 -0.018 -0.018 5 0.012 0 0 200
0.62783 0.944452 0.04 -0.01 5 0.012 0 0 200
0.131023 0.104579 0.032 0.018 5 0.012 0 0 200
0.581285 0.658594 -0.01 0.018 5 0.012 0 0 200
0.921473 0.194679 0.04 -0.018 5 0.012 0 0 200
0.278796 0.719795 0.02 -0.018 5 0.012 0 0 200
0.834691 0.659888 0.04 -0.02 5 0.012 0 0 200
0.962535 0.332928 0.01 0.032 5 0.012 0 0 200
0.818107 0.92989 0.04 0.02 5 0.012 0 0 200
0.886726 0.196178 0.018 0.01 5 0.012 0 0 200
0.602405 0.623243 0.01 -0.018 5 0.012 0 0 200
0.391555 0.871284 0.01 0.01 5 0.012 0 0 200
4.02252e-05 0.676065 0.032 0.01 5 0.012 0 0 200
0.574346 0.0322694 -0.032 0.04 5 0.012 0 0 200
0.370837 0.661425 0.02 0.018 5 0.012 0 0 200
0.744468 0.279493 0.018 -0.02 5 0.012 0 0 200
0.0918009 0.897245 -0.018 0.02 5 0.012 0 0 200
0.953262 0.476952 0.04 0.01 5 0.012 0 0 200
0.857156 0.21741 0.02 0.04 5 0.012 0 0 200
0.0503933 0.960055 0.04 0.018 5 0.012 0 0 200
0.137093 0.129043 -0.018 0.02 5 0.012 0 0 200
0.655888 0.505059 -0.02 -0.018 5 0.012 0 0 200
0.903056 0.668904 0.032 -0.04 5 0.012 0 0 200
0.728307 0.648075 0.018 0.04 5 0.012 0 0 200
0.351173 0.157154 0.032 -0.032 5 0.012 0 0 200
0.223697 0.671352 -0.04 -0.032 5 0.012 0 0 200
0.579362 0.341848 -0.018 -0.01 5 0.012 0 0 200
0.834283 0.791982 -0.032 -0.04 5 0.012 0 0 200
0.264662 0.169961 -0.02 -0.04 5 0.012 0 0 200
0.998736 0.750171 0.02 0.01 5 0.012 0 0 200
0.425107 0.773202 -0.01 -0.04 5 0.012 0 0 200
0.0330772 0.929321 0.04 0.032 5 0.012 0 0 200
0.482049 0.79278 -0.01 0.032 5 0.012 0 0 200
0.698163 0.0182512 -0.032 -0.018 5 0.012 0 0 200
0.215049 0.331292 -0.04 -0.04 5 0.012 0 0 200
0.78547 0.393451 0.018 0.01 5 0.012 0 0 200
0.877797 0.129609 -0.032 -0.018 5 0.012 0 0 200
0.362191 0.35206 -0.04 -0.01 5 0.012 0 0 200
0.776393 0.844201 0.02 0.02 5 0.012 0 0 200
0.642734 0.435375 -0.02 -0.032 5 0.012 0 0 200
0.15754 0.776418 0.04 -0.018 5 0.012 0 0 200
0.854603 0.314608 0.032 -0.018 5 0.012 0 0 200
0.373662 0.133293 -0.018 -0.04 5 0.012 0 0 200
0.202817 0.750525 0.018 0.018 5 0.012 0 0 200
0.963244 0.234676 -0.01 -0.04 5 0.012 0 0 200
0.0813265 0.854236 0.02 0.01 5 0.012 0 0 200
0.986364 0.812305 0.018 0.04 5 0.012 0 0 200
0.834369 0.238217 -0.018 0.02 5 0.012 0 0 200
0.409766 0.933005 -0.04 0.032 5 0.012 0 0 200
0.642325 0.560325 -0.02 0.02 5 0.012 0 0 200
0.100809 0.299211 -0.018 -0.032 5 0.012 0 0 200
0.827927 0.970299 -0.01 0.032 5 0.012 0 0 200
0.839796 0.44872 -0.018 -0.04 5 0.012 0 0 200
0.815759 0.468209 -0.018 -0.02 5 0.012 0 0 200
0.227756 0.899267 -0.01 -0.04 5 0.012 0 0 200
0.458481 0.689134 0.032 -0.032 5 0.012 0 0 200
0.813189 0.274869 -0.04 0.04 5 0.012 0 0 200
0.798596 0.000275349 -0.032 -0.018 5 0.012 0 0 200
0.471857 0.492207 -0.01 0.01 5 0.012 0 0 200
0.846436 0.0561348 0.018 0.01 5 0.012 0 0 200
0.292495 0.961921 0.04 -0.02 5 0.012 0 0 200
0.741617 0.349783 0.02 0.018 5 0.012 0 0 200
0.600734 0.542825 -0.02 -0.02 5 0.012 0 0 200
0.575624 0.513759 -0.01 -0.01 5 0.012 0 0 200
0.10701 0.523785 0.018 -0.02 5 0.012 0 0 200
0.334365 0.678709 0.018 0.032 5 0.012 0 0 200
0.876262 0.332073 0.018 -0.01 5 0.012 0 0 200
0.661891 0.402784 -0.01 -0.02 5 0.012 0 0 200
0.376277 0.0866058 0.018 -0.032 5 0.012 0 0 200
0.110807 0.325262 0.02 -0.02 5 0.012 0 0 200
0.475344 0.110132 0.01 -0.018 5 0.012 0 0 200
0.445107 0.917977 -0.018 0.04 5 0.012 0 0 200
0.997177 0.549302 0.018 0.01 5 0.012 0 0 200
0.190258 0.664346 -0.04 -0.018 5 0.012 0 0 200
0.925623 0.949394 0.018 -0.01 5 0.012 0 0 200
0.460251 0.430824 -0.01 0.02 5 0.012 0 0 200
0.384766 0.759196 -0.018 -0.02 5 0.012 0 0 200
0.721585 0.683365 -0.018 0.018 5 0.012 0 0 200
0.176306 0.178152 0.032 -0.02 5 0.012 0 0 200
0.320824 0.0936437 0.02 -0.01 5 0.012 0 0 200
0.165414 0.109083 0.01 0.018 5 0.012 0 0 200
0.886172 0.886352 -0.01 0.032 5 0.012 0 0 200
0.172576 0.487048 0.018 -0.018 5 0.012 0 0 200
0.454566 0.890453 0.01 -0.02 5 0.012 0 0 200
0.733911 0.839556 -0.032 0.02 5 0.012 0 0 200
0.405874 0.5263 -0.02 0.018 5 0.012 0 0 200
0.53318 0.162428 -0.018 0.02 5 0.012 0 0 200
0.0311874 0.167285 0.01 0.01 5 0.012 0 0 200
0.140259 0.33357 -0.02 0.02 5 0.012 0 0 200
0.602311 0.0376828 0.02 -0.04 5 0.012 0 0 200
0.43932 0.658614 0.01 0.02 5 0.012 0 0 200
0.972696 0.10087 0.01 0.018 5 0.012 0 0 200
0.282594 0.549228 0.018 0.01 5 0.012 0 0 200
0.670468 0.55761 -0.032 0.018 5 0.012 0 0 200
0.629141 0.9754 -0.018 0.01 5 0.012 0 0 200
0.0548099 0.189622 0.01 -0.01 5 0.012 0 0 200
0.969667 0.193147 -0.02 -0.032 5 0.012 0 0 200
0.896504 0.549478 0.02 0.01 5 0.012 0 0 200
0.911773 0.171227 -0.018 0.01 5 0.012 0 0 200
0.793286 0.758699 -0.032 -0.01 5 0.012 0 0 200
0.244226 0.70228 -0.04 0.04 5 0.012 0 0 200
0.0216561 0.97424 0.032 0.02 5 0.012 0 0 200
0.921468 0.109927 -0.032 -0.04 5 0.012 0 0 200
0.556517 0.383381 -0.018 -0.04 5 0.012 0 0 200
0.408673 0.559109 0.018 -0.04 5 0.012 0 0 200
0.589636 0.0111431 -0.02 0.04 5 0.012 0 0 200
0.745794 0.56569 -0.032 0.018 5 0.012 0 0 200
0.529665 0.0728548 -0.01 0.032 5 0.012 0 0 200
0.0988572 0.493255 0.032 -0.01 5 0.012 0 0 200
0.438291 0.353126 -0.01 -0.02 5 0.012 0 0 200
0.301218 0.576638 -0.04 0.02 5 0.012 0 0 200
0.217063 0.172927 0.04 -0.018 5 0.012 0 0 200
0.893365 0.791156 -0.032 0.04 5 0.012 0 0 200
0.486485 0.351869 -0.032 0.02 5 0.012 0 0 200
0.408225 0.0434072 0.04 -0.032 5 0.012 0 0 200
0.977984 0.984922 -0.01 -0.018 5 0.012 0 0 200
0.594764 0.204153 -0.018 -0.01 5 0.012 0 0 200
0.280788 0.197465 -0.018 -0.01 5 0.012 0 0 200
0.7892 0.0907455 0.018 -0.02 5 0.012 0 0 200
0.76144 0.51707 -0.018 -0.02 5 0.012 0 0 200
0.332695 0.596703 -0.04 -0.032 5 0.012 0 0 200
0.954354 0.822799 -0.032 0.032 5 0.012 0 0 200
0.841948 0.627998 0.032 0.032 5 0.012 0 0 200
0.586986 0.47432 0.032 0.02 5 0.012 0 0 200
0.259919 0.464033 0.032 0.04 5 0.012 0 0 200
0.0918404 0.562306 -0.04 -0.032 5 0.012 0 0 200
0.909973 0.923061 0.02 0.018 5 0.012 0 0 200
0.208753 0.50639 -0.018 -0.01 5 0.012 0 0 200
0.775716 0.454478 0.02 -0.032 5 0.012 0 0 200
0.991853 0.077255 0.02 0.032 5 0.012 0 0 200
0.0416034 0.228601 0.04 0.018 5 0.012 0 0 200
0.511974 0.750104 -0.02 -0.018 5 0.012 0 0 200
0.211603 0.403707 0.02 0.02 5 0.012 0 0 200
0.899207 0.965837 0.018 0.018 5 0.012 0 0 200
0.739097 0.00420215 0.032 -0.01 5 0.012 0 0 200
0.785623 0.958215 0.018 0.02 5 0.012 0 0 200
0.760827 0.218624 -0.04 -0.032 5 0.012 0 0 200
0.676851 0.835845 -0.04 -0.04 5 0.012 0 0 200
0.0175173 0.412836 -0.01 0.018 5 0.012 0 0 200
0.3299 0.631842 0.04 0.01 5 0.012 0 0 200
0.36835 0.853798 0.02 -0.04 5 0.012 0 0 200
0.412815 0.181981 -0.02 -0.018 5 0.012 0 0 200
0.350968 0.725291 0.032 -0.018 5 0.012 0 0 200
0.140848 0.237746 0.018 0.04 5 0.012 0 0 200
0.755131 0.487712 -0.032 -0.01 5 0.012 0 0 200
0.729884 0.165043 -0.01 0.01 5 0.012 0 0 200
0.677584 0.150371 0.02 0.04 5 0.012 0 0 200
0.0221688 0.591714 0.02 -0.02 5 0.012 0 0 200
0.568109 0.211342 -0.02 -0.02 5 0.012 0 0 200
0.75695 0.0652273 0.032 0.01 5 0.012 0 0 200
0.374207 0.302871 0.01 0.01 5 0.012 0 0 200
0.622282 0.697825 0.02 -0.02 5 0.012 0 0 200
0.516009 0.565461 0.04 -0.018 5 0.012 0 0 200
0.933097 0.563489 0.04 -0.01 5 0.012 0 0 200
0.444486 0.474775 0.032 -0.032 5 0.012 0 0 200
0.148493 0.725622 -0.018 -0.04 5 0.012 0 0 200
0.250726 0.947031 -0.04 0.018 5 0.012 0 0 200
0.288709 0.332639 -0.02 -0.04 5 0.012 0 0 200
0.424314 0.441389 0.04 0.02 5 0.012 0 0 200
0.0291272 0.540555 -0.04 -0.04 5 0.012 0 0 200
0.946474 0.3822 -0.04 -0.02 5 0.012 0 0 200
0.488743 0.30414 -0.032 -0.02 5 0.012 0 0 200
0.449827 0.234011 0.032 0.032 5 0.012 0 0 200
0.924011 0.856061 0.04 -0.018 5 0.012 0 0 200
0.0290541 0.311988 -0.01 0.032 5 0.012 0 0 200
0.00321914 0.104098 -0.018 0.02 5 0.012 0 0 200
0.863762 0.250697 0.032 -0.04 5 0.012 0 0 200
0.870751 0.714764 0.018 0.01 5 0.012 0 0 200
0.790158 0.185877 0.04 -0.018 5 0.012 0 0 200
0.682644 0.192756 -0.04 -0.04 5 0.012 0 0 200
0.0617473 0.786237 0.032 -0.02 5 0.012 0 0 200
0.384612 0.181159 -0.04 -0.04 5 0.012 0 0 200
0.345682 0.869281 0.04 -0.01 5 0.012 0 0 200
0.311967 0.22577 0.018 0.018 5 0.012 0 0 200
0.220417 0.543713 -0.018 -0.032 5 0.012 0 0 200
0.0823492 0.0431582 -0.018 0.02 5 0.012 0 0 200
0.322814 0.543225 0.01 0.01 5 0.012 0 0 200
0.627369 0.191306 0.018 -0.01 5 0.012 0 0 200
0.603147 0.0842391 -0.01 -0.02 5 0.012 0 0 200
0.417251 0.744114 0.032 -0.02 5 0.012 0 0 200
0.453041 0.268008 -0.02 0.04 5 0.012 0 0 200
0.954362 0.958915 0.02 -0.02 5 0.012 0 0 200
0.685043 0.515791 0.04 -0.02 5 0.012 0 0 200
0.243357 0.0968659 -0.01 -0.04 5 0.012 0 0 200
0.57643 0.0646321 -0.018 0.032 5 0.012 0 0 200
0.256752 0.238461 0.018 -0.032 5 0.012 0 0 200
0.597675 0.12307 0.018 0.01 5 0.012 0 0 200
0.673604 0.257837 0.01 0.01 5 0.012 0 0 200
0.40708 0.800032 -0.018 -0.032 5 0.012 0 0 200
0.572303 0.701768 -0.04 -0.02 5 0.012 0 0 200
0.770103 0.117474 0.01 0.02 5 0.012 0 0 200
0.123225 0.047252 0.032 -0.032 5 0.012 0 0 200
0.345646 0.280112 0.01 0.04 5 0.012 0 0 200
0.284531 0.110282 -0.01 -0.032 5 0.012 0 0 200
0.198709 0.699001 -0.018 -0.04 5 0.012 0 0 200
0.0435392 0.763624 -0.04 0.032 5 0.012 0 0 200
0.0630616 0.876697 -0.01 0.032 5 0.012 0 0 200
0.965322 0.162713 -0.04 -0.018 5 0.012 0 0 200
0.160983 0.643997 -0.01 -0.02 5 0.012 0 0 200
0.537968 0.623929 -0.018 0.01 5 0.012 0 0 200
0.908568 0.302735 -0.04 0.01 5 0.012 0 0 200
0.623197 0.0645333 0.04 -0.018 5 0.012 0 0 200
0.493485 0.996059 -0.02 0.04 5 0.012 0 0 200
0.772596 0.0247698 0.01 -0.018 5 0.012 0 0 200
0.615407 0.150726 -0.018 -0.02 5 0.012 0 0 200
0.00233687 0.275718 -0.02 -0.01 5 0.012 0 0 200
0.291507 0.366519 0.018 0.04 5 0.012 0 0 200
0.948445 0.516957 0.04 -0.01 5 0.012 0 0 200
0.684991 0.641703 -0.04 0.02 5 0.012 0 0 200
0.0604292 0.634231 -0.032 0.01 5 0.012 0 0 200
0.115234 0.739727 0.02 -0.04 5 0.012 0 0 200
0.214022 0.0611399 -0.032 -0.02 5 0.012 0 0 200
0.488368 0.00203477 0.04 -0.04 5 0.012 0 0 200
0.0323558 0.80363 -0.032 -0.02 5 0.012 0 0 200
0.240997 0.429148 -0.018 -0.01 5 0.012 0 0 200
0.717839 0.719747 0.02 -0.032 5 0.012 0 0 200
0.39906 0.997153 0.018 -0.02 5 0.012 0 0 200
0.118353 0.156116 -0.032 0.018 5 0.012 0 0 200
0.276767 0.619122 0.04 -0.032 5 0.012 0 0 200
0.269562 0.520889 0.01 0.02 5 0.012 0 0 200
0.515788 0.854533 0.04 0.032 5 0.012 0 0 200
0.346061 0.239789 -0.032 -0.032 5 0.012 0 0 200
0.34635 0.101678 -0.032 -0.04 5 0.012 0 0 200
0.183201 0.0660737 0.02 0.04 5 0.012 0 0 200
0.502441 0.52742 -0.018 0.02 5 0.012 0 0 200
0.707452 0.150233 0.02 -0.04 5 0.012 0 0 200
0.94919 0.0350082 0.032 -0.01 5 0.012 0 0 200
0.272879 0.284482 -0.032 0.018 5 0.012 0 0 200
0.231332 0.00197179 -0.02 -0.032 5 0.012 0 0 200
0.109039 0.614815 -0.018 0.02 5 0.012 0 0 200
0.305893 0.142256 0.018 0.032 5 0.012 0 0 200
0.628793 0.128038 0.018 0.018 5 0.012 0 0 200
0.600775 0.232868 -0.01 -0.02 5 0.012 0 0 200
0.812857 0.683257 0.02 0.032 5 0.012 0 0 200
0.470712 0.248754 -0.018 0.04 5 0.012 0 0 200
0.875103 0.861796 0.01 0.032 5 0.012 0 0 200
0.00689164 0.827823 -0.04 0.032 5 0.012 0 0 200
0.00385946 0.865903 0.04 0.032 5 0.012 0 0 200
0.0697586 0.432824 -0.01 0.04 5 0.012 0 0 200
0.615903 0.475158 0.018 -0.032 5 0.012 0 0 200
0.30218 0.730906 -0.018 -0.018 5 0.012 0 0 200
0.143383 0.834945 -0.032 -0.01 5 0.012 0 0 200
0.707396 0.199563 -0.018 -0.01 5 0.012 0 0 200
0.379943 0.700175 0.02 -0.032 5 0.012 0 0 200
0.782447 0.593498 0.02 0.04 5 0.012 0 0 200
0.0585477 0.0110114 0.018 0.04 5 0.012 0 0 200
0.0191207 0.3616 0.01 0.01 5 0.012 0 0 200
0.94046 0.314604 0.018 0.04 5 0.012 0 0 200
0.221611 0.607855 0.018 -0.01 5 0.012 0 0 200
0.539349 0.831407 0.02 0.018 5 0.012 0 0 200
0.96476 0.729512 0.018 -0.02 5 0.012 0 0 200
0.640747 0.0268041 0.02 0.02 5 0.012 0 0 200
0.442215 0.302191 0.018 0.032 5 0.012 0 0 200
0.318246 0.753316 -0.032 -0.01 5 0.012 0 0 200
0.0940683 0.00564456 0.01 0.018 5 0.012 0 0 200
0.782501 0.495659 -0.01 -0.01 5 0.012 0 0 200
0.555356 0.863532 0.01 0.01 5 0.012 0 0 200
0.152191 0.866305 0.04 0.01 5 0.012 0 0 200
0.274053 0.0144928 -0.032 -0.01 5 0.012 0 0 200
0.17219 0.995458 0.032 -0.02 5 0.012 0 0 200
0.120215 0.46146 0.01 -0.01 5 0.012 0 0 200
0.00740833 0.511728 -0.04 0.018 5 0.012 0 0 200
0.0726531 0.0803609 0.018 -0.032 5 0.012 0 0 200
0.40198 0.0790307 0.018 -0.02 5 0.012 0 0 200
0.169951 0.36705 0.018 0.018 5 0.012 0 0 200
0.0102676 0.567826 0.032 -0.032 5 0.012 0 0 200
0.371447 0.913758 0.02 -0.018 5 0.012 0 0 200
0.456171 0.858274 -0.02 -0.032 5 0.012 0 0 200
0.00812916 0.626861 0.018 -0.02 5 0.012 0 0 200
0.63957 0.257012 -0.04 -0.02 5 0.012 0 0 200
0.450394 0.775146 0.032 0.032 5 0.012 0 0 200
0.706278 0.41083 -0.04 0.01 5 0.012 0 0 200
0.324932 0.125038 0.032 0.02 5 0.012 0 0 200
0.361125 0.426834 -0.018 -0.032 5 0.012 0 0 200
0.433632 0.0596544 -0.032 -0.04 5 0.012 0 0 200
0.40657 0.21557 -0.04 -0.032 5 0.012 0 0 200
0.176983 0.561559 0.01 -0.018 5 0.012 0 0 200
0.0933215 0.454895 0.04 -0.018 5 0.012 0 0 200
0.236851 0.749331 -0.04 0.01 5 0.012 0 0 200
0.370014 0.824905 -0.04 0.02 5 0.012 0 0 200
0.664836 0.900852 0.018 -0.02 5 0.012 0 0 200
0.683691 0.788704 0.04 -0.04 5 0.012 0 0 200
0.809428 0.0632955 -0.032 0.01 5 0.012 0 0 200
0.542611 0.666895 -0.04 0.01 5 0.012 0 0 200
0.438223 0.208449 0.01 -0.04 5 0.012 0 0 200
0.226594 0.363617 0.018 -0.01 5 0.012 0 0 200
0.182083 0.267917 -0.01 -0.01 5 0.012 0 0 200
0.810724 0.831387 0.04 -0.032 5 0.012 0 0 200
0.92924 0.740154 -0.04 0.04 5 0.012 0 0 200
0.993644 0.179788 0.032 -0.01 5 0.012 0 0 200
0.801359 0.439 0.032 -0.018 5 0.012 0 0 200
0.778315 0.14603 0.018 -0.04 5 0.012 0 0 200
0.379528 0.730003 0.02 -0.04 5 0.012 0 0 200
0.985891 0.866185 0.01 -0.01 5 0.012 0 0 200
0.682779 0.46299 -0.018 -0.01 5 0.012 0 0 200
0.168194 0.838745 0.02 0.032 5 0.012 0 0 200
0.832903 0.602341 -0.032 -0.01 5 0.012 0 0 200
0.502671 0.386767 0.02 -0.032 5 0.012 0 0 200
0.338549 0.989527 -0.01 -0.04 5 0.012 0 0 200
0.44284 0.819157 -0.02 0.018 5 0.012 0 0 200
0.944422 0.908209 -0.02 -0.02 5 0.012 0 0 200
0.99649 0.00565812 0.02 -0.018 5 0.012 0 0 200
0.922475 0.0377142 -0.04 0.02 5 0.012 0 0 200
0.19626 0.534952 -0.02 -0.018 5 0.012 0 0 200
0.443754 0.177788 0.032 -0.02 5 0.012 0 0 200
0.518765 0.883197 0.032 -0.018 5 0.012 0 0 200
0.602776 0.851921 0.01 -0.032 5 0.012 0 0 200
0.670501 0.107076 -0.04 0.01 5 0.012 0 0 200
0.125274 0.487276 0.04 0.04 5 0.012 0 0 200
0.784127 0.814282 0.01 -0.04 5 0.012 0 0 200
0.624197 0.872976 0.032 0.032 5 0.012 0 0 200
0.882793 0.0971363 -0.01 0.04 5 0.012 0 0 200
0.457128 0.94785 0.02 0.018 5 0.012 0 0 200
0.244401 0.64159 0.018 0.032 5 0.012 0 0 200
0.343845 0.00391206 0.01 -0.04 5 0.012 0 0 200
0.515792 0.90895 0.02 0.04 5 0.012 0 0 200
0.0166606 0.014469 0.032 0.04 5 0.012 0 0 200
0.535034 0.320691 0.02 0.018 5 0.012 0 0 200
0.429181 0.248439 -0.032 -0.032 5 0.012 0 0 200
0.907766 0.821438 0.04 -0.01 5 0.012 0 0 200
0.606211 0.580371 0.04 -0.01 5 0.012 0 0 200
0.763967 0.995526 -0.01 0.032 5 0.012 0 0 200
0.999273 0.783852 -0.02 -0.04 5 0.012 0 0 200
0.843681 0.750192 -0.018 0.02 5 0.012 0 0 200
0.397125 0.485273 -0.04 0.01 5 0.012 0 0 200
0.890597 0.262741 0.01 0.04 5 0.012 0 0 200
0.313274 0.194513 -0.02 0.032 5 0.012 0 0 200
0.527005 0.380757 -0.032 -0.018 5 0.012 0 0 200
0.994365 0.289607 0.032 -0.02 5 0.012 0 0 200
0.302487 0.905185 -0.01 -0.018 5 0.012 0 0 200
0.0721855 0.221356 -0.04 0.02 5 0.012 0 0 200
0.335445 0.831034 0.01 0.04 5 0.012 0 0 200
0.939054 0.674899 -0.032 -0.032 5 0.012 0 0 200
0.15525 0.279149 -0.01 0.01 5 0.012 0 0 200
0.147644 0.448649 0.018 -0.04 5 0.012 0 0 200
0.370872 0.244357 -0.032 0.02 5 0.012 0 0 200
0.382244 0.381637 -0.01 -0.018 5 0.012 0 0 200
0.972507 0.931441 0.032 0.01 5 0.012 0 0 200
0.00695826 0.947495 -0.04 0.01 5 0.012 0 0 200
0.0325512 0.0875512 0.02 0.032 5 0.012 0 0 200
0.978365 0.379801 0.02 0.04 5 0.012 0 0 200
0.792467 0.995481 0.018 0.01 5 0.012 0 0 200
0.281906 0.995981 0.018 -0.01 5 0.012 0 0 200
0.152663 0.801883 -0.018 0.04 5 0.012 0 0 200
0.286987 0.394403 0.02 -0.01 5 0.012 0 0 200
0.72659 0.804813 0.01 0.018 5 0.012 0 0 200
0.722678 0.0555241 0.032 0.04 5 0.012 0 0 200
0.22824 0.0350208 0.02 0.018 5 0.012 0 0 200
0.233862 0.512078 -0.02 0.032 5 0.012 0 0 200
0.890722 0.365429 -0.02 0.032 5 0.012 0 0 200
0.636433 0.535012 -0.04 -0.02 5 0.012 0 0 200
0.929034 0.267351 -0.04 0.02 5 0.012 0 0 200
0.84745 0.095792 -0.032 0.04 5 0.012 0 0 200
0.644425 0.854386 0.01 0.04 5 0.012 0 0 200
0.892191 0.0544383 -0.04 0.032 5 0.012 0 0 200
0.866746 0.393658 -0.01 -0.018 5 0.012 0 0 200
0.684601 0.0845912 0.04 0.01 5 0.012 0 0 200
0.900731 0.591209 -0.01 -0.04 5 0.012 0 0 200
0.794066 0.872735 0.02 0.02 5 0.012 0 0 200
0.0616576 0.278534 -0.01 0.018 5 0.012 0 0 200
0.259913 0.357258 0.04 -0.02 5 0.012 0 0 200
0.227032 0.723612 0.04 0.018 5 0.012 0 0 200
0.964876 0.668174 -0.01 0.01 5 0.012 0 0 200
0.192166 0.72765 0.02 0.02 5 0.012 0 0 200
0.0775844 0.960594 -0.032 -0.01 5 0.012 0 0 200
0.310971 0.49228 -0.02 0.01 5 0.012 0 0 200
0.499089 0.181561 0.032 -0.01 5 0.012 0 0 200
0.747213 0.411338 -0.04 -0.032 5 0.012 0 0 200
0.933212 0.494654 0.04 -0.032 5 0.012 0 0 200
0.417199 0.871278 -0.032 0.032 5 0.012 0 0 200
0.0654927 0.736347 0.018 0.04 5 0.012 0 0 200
0.643738 0.309982 -0.04 -0.02 5 0.012 0 0 200
0.921288 0.0805822 -0.02 0.032 5 0.012 0 0 200
0.308604 0.701563 -0.02 0.02 5 0.012 0 0 200
0.921579 0.978598 0.032 0.02 5 0.012 0 0 200
0.865834 0.0754502 0.018 0.01 5 0.012 0 0 200
0.0760008 0.34474 0.018 0.02 5 0.012 0 0 200
0.522578 0.974157 -0.018 0.02 5 0.012 0 0 200
0.00617421 0.769979 -0.01 0.01 5 0.012 0 0 200
0.927735 0.435318 0.04 -0.02 5 0.012 0 0 200
0.549101 0.733862 0.04 -0.02 5 0.012 0 0 200
0.569676 0.539695 -0.032 0.032 5 0.012 0 0 200
0.0393202 0.854574 0.032 -0.02 5 0.012 0 0 200
0.57915 0.766262 -0.032 -0.032 5 0.012 0 0 200
0.37746 0.965036 -0.02 0.032 5 0.012 0 0 200
0.701251 0.921683 -0.02 -0.04 5 0.012 0 0 200
0.110762 0.582336 -0.032 -0.04 5 0.012 0 0 200
0.0494478 0.0690816 0.018 0.04 5 0.012 0 0 200
0.546201 0.00439822 -0.032 0.018 5 0.012 0 0 200
0.561848 0.98508 0.018 0.018 5 0.012 0 0 200
0.545095 0.418039 0.032 -0.01 5 0.012 0 0 200
0.125001 0.895451 -0.032 -0.04 5 0.012 0 0 200
0.300614 0.418488 0.04 0.032 5 0.012 0 0 200
0.0963959 0.126456 0.018 -0.01 5 0.012 0 0 200
0.644759 0.463286 0.01 0.032 5 0.012 0 0 200
0.832235 0.37172 0.04 0.01 5 0.012 0 0 200
0.478055 0.667451 -0.02 0.04 5 0.012 0 0 200
0.998592 0.334241 -0.04 0.01 5 0.012 0 0 200
0.257233 0.321918 0.01 -0.04 5 0.012 0 0 200
0.322739 0.269123 -0.018 -0.01 5 0.012 0 0 200
0.5599 0.236217 0.02 0.018 5 0.012 0 0 200
0.149847 0.475281 -0.02 0.018 5 0.012 0 0 200
0.125946 0.778888 0.02 -0.018 5 0.012 0 0 200
0.950794 0.00102171 0.018 -0.02 5 0.012 0 0 200
0.654606 0.961498 -0.02 0.04 5 0.012 0 0 200
0.641675 0.639996 -0.04 0.02 5 0.012 0 0 200
0.572537 0.629126 -0.04 0.04 5 0.012 0 0 200
0.905662 0.455961 -0.018 -0.04 5 0.012 0 0 200
0.19473 0.83141 0.04 -0.018 5 0.012 0 0 200
0.723591 0.388602 -0.04 0.032 5 0.012 0 0 200
0.812437 0.624756 0.04 -0.018 5 0.012 0 0 200
0.916424 0.339282 0.01 0.01 5 0.012 0 0 200
0.655901 0.730905 -0.04 0.01 5 0.012 0 0 200
0.328193 0.947886 -0.032 0.02 5 0.012 0 0 200
0.987265 0.954913 0.04 -0.02 5 0.012 0 0 200
0.18742 0.967477 0.032 0.018 5 0.012 0 0 200
0.859652 0.17348 -0.02 -0.04 5 0.012 0 0 200
0.481499 0.556029 0.02 0.02 5 0.012 0 0 200
0.268917 0.692129 0.02 0.032 5 0.012 0 0 200
0.789155 0.328066 -0.01 0.032 5 0.012 0 0 200
0.809211 0.41184 -0.04 -0.04 5 0.012 0 0 200
0.610566 0.77505 0.018 0.01 5 0.012 0 0 200
0.214015 0.946092 -0.04 0.04 5 0.012 0 0 200
0.81112 0.497419 -0.018 -0.02 5 0.012 0 0 200
0.0619929 0.914217 -0.02 0.02 5 0.012 0 0 200
0.409609 0.291848 -0.02 -0.01 5 0.012 0 0 200
0.963738 0.543854 0.032 0.032 5 0.012 0 0 200
0.688248 0.379635 -0.01 -0.04 5 0.012 0 0 200
0.975743 0.308154 -0.032 0.018 5 0.012 0 0 200
0.0944833 0.980114 0.01 -0.032 5 0.012 0 0 200
0.82538 0.156036 0.018 0.018 5 0.012 0 0 200
0.0623443 0.821059 -0.01 -0.01 5 0.012 0 0 200
0.348116 0.792849 0.032 -0.018 5 0.012 0 0 200
0.572728 0.844754 0.02 0.01 5 0.012 0 0 200
0.318938 0.394132 -0.032 0.018 5 0.012 0 0 200
0.991554 0.0444222 0.02 0.02 5 0.012 0 0 200
0.629965 0.822164 0.032 0.02 5 0.012 0 0 200
0.54177 0.530547 0.01 -0.01 5 0.012 0 0 200
0.475222 0.0526502 0.032 0.02 5 0.012 0 0 200
0.293018 0.758838 0.04 -0.018 5 0.012 0 0 200
0.0466289 0.691193 0.018 0.01 5 0.012 0 0 200
0.781678 0.654177 -0.02 0.018 5 0.012 0 0 200
0.726995 0.598336 -0.018 -0.032 5 0.012 0 0 200
0.0866187 0.800774 0.04 -0.02 5 0.012 0 0 200
0.844081 0.474804 -0.01 0.02 5 0.012 0 0 200
0.00995116 0.249221 -0.032 0.02 5 0.012 0 0 200
0.906751 0.763843 0.032 -0.04 5 0.012 0 0 200
0.267733 0.78813 -0.018 0.032 5 0.012 0 0 200
0.603493 0.899482 -0.04 -0.032 5 0.012 0 0 200
0.196636 0.862916 -0.04 0.04 5 0.012 0 0 200
0.508082 0.330618 -0.02 -0.018 5 0.012 0 0 200
0.363958 0.0455168 0.032 -0.018 5 0.012 0 0 200
0.208259 0.204796 -0.032 -0.04 5 0.012 0 0 200
0.462729 0.0869879 -0.02 -0.01 5 0.012 0 0 200
0.652323 0.595658 -0.032 0.02 5 0.012 0 0 200
0.452107 0.56122 -0.018 -0.04 5 0.012 0 0 200
0.252704 0.193549 -0.02 -0.018 5 0.012 0 0 200
0.884823 0.225577 -0.018 -0.018 5 0.012 0 0 200
0.911388 0.701676 -0.02 -0.01 5 0.012 0 0 200
0.833207 0.718055 -0.01 -0.04 5 0.012 0 0 200
0.473859 0.148608 0.04 -0.018 5 0.012 0 0 200
0.87635 0.821439 -0.04 -0.018 5 0.012 0 0 200
0.128601 0.399829 0.032 -0.01 5 0.012 0 0 200
0.37166 0.492036 0.01 0.02 5 0.012 0 0 200
0.725932 0.747257 -0.018 -0.02 5 0.012 0 0 200
0.754612 0.757476 0.04 -0.01 5 0.012 0 0 200
0.094225 0.639382 -0.018 -0.032 5 0.012 0 0 200
0.299446 0.784898 0.04 -0.01 5 0.012 0 0 200
0.0829186 0.612969 0.018 -0.04 5 0.012 0 0 200
0.882201 0.158962 -0.04 -0.018 5 0.012 0 0 200
0.907301 0.00388889 -0.01 -0.04 5 0.012 0 0 200
0.346204 0.656681 0.018 -0.04 5 0.012 0 0 200
0.13288 0.309018 0.01 -0.02 5 0.012 0 0 200
0.645451 0.101426 -0.04 0.02 5 0.012 0 0 200
0.707145 0.992945 -0.018 -0.018 5 0.012 0 0 200
0.408757 0.972355 -0.032 0.032 5 0.012 0 0 200
0.260956 0.888481 0.01 -0.032 5 0.012 0 0 200
0.0903748 0.929959 0.04 -0.032 5 0.012 0 0 200
0.211476 0.27697 -0.032 -0.04 5 0.012 0 0 200
0.573045 0.174558 -0.032 -0.04 5 0.012 0 0 200
0.590277 0.791795 -0.01 -0.02 5 0.012 0 0 200
0.198537 0.802986 0.02 0.02 5 0.012 0 0 200
0.974799 0.446913 -0.018 0.04 5 0.012 0 0 200
0.776658 0.286402 -0.04 0.032 5 0.012 0 0 200
0.374606 0.000576161 -0.018 -0.01 5 0.012 0 0 200
0.867194 0.930413 0.01 -0.04 5 0.012 0 0 200
0.121836 0.693045 0.01 0.018 5 0.012 0 0 200
0.646657 0.364029 0.04 -0.04 5 0.012 0 0 200
0.528782 0.244405 -0.018 0.01 5 0.012 0 0 200
0.99831 0.603913 -0.04 0.02 5 0.012 0 0 200
0.243683 0.583112 0.032 -0.04 5 0.012 0 0 200
0.909408 0.415064 0.018 0.032 5 0.012 0 0 200
0.842586 0.348496 0.04 -0.02 5 0.012 0 0 200
0.515131 0.800514 0.032 0.032 5 0.012 0 0 200
0.285504 0.464858 0.018 -0.04 5 0.012 0 0 200
0.831668 0.849924 0.01 -0.04 5 0.012 0 0 200
0.466293 0.989885 0.032 -0.018 5 0.012 0 0 200
0.150178 0.035963 0.032 -0.032 5 0.012 0 0 200
0.753314 0.949822 0.04 -0.04 5 0.012 0 0 200
0.20063 0.993175 0.018 0.04 5 0.012 0 0 200
0.71282 0.361778 0.032 -0.01 5 0.012 0 0 200
0.101848 0.766767 -0.032 -0.032 5 0.012 0 0 200
0.41504 0.58337 -0.04 -0.02 5 0.012 0 0 200
0.663102 0.75582 -0.01 -0.018 5 0.012 0 0 200
0.777031 0.568033 -0.01 -0.04 5 0.012 0 0 200
0.997508 0.113733 0.01 -0.018 5 0.012 0 0 200
0.0883391 0.71445 -0.02 -0.01 5 0.012 0 0 200
0.817582 0.0942323 -0.032 -0.04 5 0.012 0 0 200
0.779869 0.259642 -0.032 -0.01 5 0.012 0 0 200
0.93801 0.135191 0.01 -0.04 5 0.012 0 0 200
0.78636 0.359895 -0.01 -0.032 5 0.012 0 0 200
0.111575 0.245385 0.01 0.04 5 0.012 0 0 200
0.306933 0.617607 0.02 0.018 5 0.012 0 0 200
0.0612583 0.568448 -0.02 0.04 5 0.012 0 0 200
0.805278 0.30851 0.018 -0.04 5 0.012 0 0 200
0.484081 0.950679 0.02 -0.02 5 0.012 0 0 200
0.992471 0.466776 -0.018 0.032 5 0.012 0 0 200
0.519227 0.643191 0.032 -0.01 5 0.012 0 0 200
0.827166 0.182145 0.02 -0.04 5 0.012 0 0 200
0.345415 0.397763 0.01 0.032 5 0.012 0 0 200
0.145594 0.992347 0.018 0.02 5 0.012 0 0 200
0.80676 0.216736 -0.01 0.04 5 0.012 0 0 200
0.73453 0.246358 -0.018 -0.032 5 0.012 0 0 200
0.123754 0.934556 0.04 0.02 5 0.012 0 0 200
0.734225 0.12702 0.02 0.02 5 0.012 0 0 200
0.881479 0.0168277 -0.04 0.018 5 0.012 0 0 200
0.20528 0.133845 0.032 0.01 5 0.012 0 0 200
0.628012 0.00164321 0.02 -0.02 5 0.012 0 0 200
0.102804 0.823096 0.018 -0.01 5 0.012 0 0 200
0.665692 0.293827 -0.01 -0.032 5 0.012 0 0 200
0.783286 0.685791 0.032 -0.01 5 0.012 0 0 200
0.0596362 0.305737 -0.04 -0.032 5 0.012 0 0 200
0.192143 0.352109 -0.032 -0.01 5 0.012 0 0 200
0.874134 0.561824 -0.018 0.01 5 0.012 0 0 200
0.0193041 0.443437 0.018 0.02 5 0.012 0 0 200
0.927195 0.363336 -0.032 0.01 5 0.012 0 0 200
0.0521434 0.37382 0.01 -0.04 5 0.012 0 0 200
0.3414 0.909737 -0.02 0.04 5 0.012 0 0 200
0.602129 0.985712 -0.02 -0.032 5 0.012 0 0 200
0.461876 0.751592 -0.018 0.01 5 0.012 0 0 200
0.964813 0.607051 -0.02 0.01 5 0.012 0 0 200
0.750813 0.908319 0.018 0.01 5 0.012 0 0 200
0.175774 0.237981 0.032 -0.018 5 0.012 0 0 200
0.554132 0.303667 0.04 0.02 5 0.012 0 0 200
0.92443 0.889611 0.04 -0.018 5 0.012 0 0 200
0.320718 0.3101 0.04 -0.032 5 0.012 0 0 200
0.0244066 0.202028 0.01 -0.018 5 0.012 0 0 200
0.00654483 0.999017 -0.04 0.04 5 0.012 0 0 200
0.501471 0.224584 -0.032 0.02 5 0.012 0 0 200
0.598882 0.413143 0.01 0.018 5 0.012 0 0 200
0.693697 0.969913 0.04 -0.02 5 0.012 0 0 200
0.860692 0.654075 -0.02 -0.032 5 0.012 0 0 200
0.315663 0.352005 -0.04 -0.01 5 0.012 0 0 200
0.177256 0.149823 0.02 0.018 5 0.012 0 0 200
0.141629 0.3622 0.02 -0.02 5 0.012 0 0 200
0.619047 0.319413 -0.032 0.02 5 0.012 0 0 200
0.612467 0.728683 -0.018 0.02 5 0.012 0 0 200
0.113992 0.862668 -0.02 -0.032 5 0.012 0 0 200
0.224399 0.47523 0.04 0.01 5 0.012 0 0 200
0.905678 0.731606 -0.032 0.01 5 0.012 0 0 200
0.852377 0.893512 -0.01 0.02 5 0.012 0 0 200
0.324499 0.85528 0.018 -0.018 5 0.012 0 0 200
0.996799 0.204645 -0.04 -0.02 5 0.012 0 0 200
0.995666 0.153509 0.018 -0.01 5 0.012 0 0 200
0.426903 0.95432 0.01 0.018 5 0.012 0 0 200
0.218529 0.818907 0.04 0.032 5 0.012 0 0 200
0.046299 0.146601 0.02 -0.02 5 0.012 0 0 200
0.0445314 0.439809 -0.02 0.02 5 0.012 0 0 200
0.500212 0.0676387 0.032 0.02 5 0.012 0 0 200
0.127344 0.265024 -0.032 -0.02 5 0.012 0 0 200
0.932635 0.800482 -0.04 0.04 5 0.012 0 0 200
0.680456 0.425209 -0.04 -0.018 5 0.012 0 0 200
0.743646 0.455746 0.02 -0.04 5 0.012 0 0 200
0.336429 0.366031 0.01 -0.02 5 0.012 0 0 200
0.494352 0.580099 -0.032 0.018 5 0.012 0 0 200
0.73961 0.622342 0.04 -0.018 5 0.012 0 0 200
0.875139 0.46607 0.02 0.032 5 0.012 0 0 200
0.00767895 0.0600692 0.01 0.018 5 0.012 0 0 200
0.840661 0.997557 0.018 -0.032 5 0.012 0 0 200
0.692883 0.284411 -0.02 0.01 5 0.012 0 0 200
0.43972 0.378851 -0.01 0.018 5 0.012 0 0 200
0.120844 0.016782 -0.01 0.032 5 0.012 0 0 200
0.250747 0.296752 -0.02 0.018 5 0.012 0 0 200
0.347682 0.484492 -0.018 0.018 5 0.012 0 0 200
0.331495 0.43297 0.018 -0.018 5 0.012 0 0 200
0.721717 0.905075 0.018 0.02 5 0.012 0 0 200
0.537238 0.352683 -0.04 0.04 5 0.012 0 0 200
0.782713 0.0562813 0.018 -0.02 5 0.012 0 0 200
0.216583 0.111477 0.04 0.01 5 0.012 0 0 200
0.392496 0.674985 0.01 0.018 5 0.012 0 0 200
0.296201 0.247235 -0.018 0.032 5 0.012 0 0 200
0.132541 0.624663 -0.018 -0.02 5 0.012 0 0 200
0.702835 0.548189 -0.032 0.02 5 0.012 0 0 200
0.570204 0.419924 0.032 0.018 5 0.012 0 0 200
0.560547 0.110065 0.01 0.032 5 0.012 0 0 200
0.461334 0.633018 0.02 -0.04 5 0.012 0 0 200
0.95554 0.755763 0.01 -0.01 5 0.012 0 0 200
0.775475 0.416682 0.032 0.032 5 0.012 0 0 200
0.839198 0.407989 0.032 -0.018 5 0.012 0 0 200
0.403827 0.112275 -0.04 -0.01 5 0.012 0 0 200
0.487709 0.922792 0.018 0.01 5 0.012 0 0 200
0.969107 0.783934 -0.01 0.018 5 0.012 0 0 200
0.3354 0.0621243 -0.018 -0.032 5 0.012 0 0 200
0.165928 0.745865 -0.01 -0.02 5 0.012 0 0 200
0.419774 0.138789 0.01 0.04 5 0.012 0 0 200
0.461078 0.332295 -0.032 0.04 5 0.012 0 0 200
0.729226 0.0983065 -0.02 -0.04 5 0.012 0 0 200
0.196681 0.621048 0.02 0.032 5 0.012 0 0 200
0.617865 0.449193 0.01 0.04 5 0.012 0 0 200
0.518135 0.298769 0.032 -0.04 5 0.012 0 0 200
0.695223 0.608332 0.018 -0.032 5 0.012 0 0 200
0.387697 0.0281005 0.018 -0.01 5 0.012 0 0 200
0.16771 0.703141 -0.01 0.018 5 0.012 0 0 200
0.0199715 0.660612 0.04 0.018 5 0.012 0 0 200
0.186754 0.774368 0.032 0.018 5 0.012 0 0 200
0.00251814 0.322321 -0.04 0.032 5 0.012 0 0 200
0.580328 0.570662 -0.04 -0.02 5 0.012 0 0 200
0.196672 0.465515 0.04 0.032 5 0.012 0 0 200
0.903441 0.129071 -0.02 -0.04 5 0.012 0 0 200
0.475071 0.520225 0.032 0.018 5 0.012 0 0 200
0.73655 0.19577 -0.018 -0.018 5 0.012 0 0 200
0.467519 0.587144 0.032 0.01 5 0.012 0 0 200
0.487024 0.413583 -0.01 0.04 5 0.012 0 0 200
0.164725 0.536176 0.04 -0.04 5 0.012 0 0 200
0.67621 0.0539493 -0.01 -0.02 5 0.012 0 0 200
0.801764 0.245828 -0.018 -0.032 5 0.012 0 0 200
0.51845 0.595867 0.02 -0.018 5 0.012 0 0 200
0.545736 0.190058 -0.04 0.032 5 0.012 0 0 200
0.299402 0.0533281 0.04 0.01 5 0.012 0 0 200
0.603291 0.511376 0.032 0.018 5 0.012 0 0 200
0.930246 0.649291 -0.032 -0.04 5 0.012 0 0 200
0.00948343 0.387994 0.032 -0.02 5 0.012 0 0 200
0.0375675 0.397811 0.02 -0.032 5 0.012 0 0 200
0.409138 0.388937 0.02 -0.018 5 0.012 0 0 200
0.583465 0.300872 -0.032 -0.032 5 0.012 0 0 200
0.231407 0.249824 -0.018 -0.018 5 0.012 0 0 200
0.764119 0.542352 -0.04 -0.018 5 0.012 0 0 200
0.806969 0.736309 0.01 -0.02 5 0.012 0 0 200
0.410484 0.00552438 -0.032 -0.01 5 0.012 0 0 200
0.575907 0.275784 -0.04 -0.018 5 0.012 0 0 200
0.422889 0.501316 -0.01 0.02 5 0.012 0 0 200
0.302494 0.0129615 -0.018 0.02 5 0.012 0 0 200
0.293102 0.170191 0.04 0.04 5 0.012 0 0 200
0.222935 0.862379 -0.018 0.04 5 0.012 0 0 200
0.470151 0.826048 -0.01 -0.04 5 0.012 0 0 200
0.923105 0.618731 0.018 -0.032 5 0.012 0 0 200
0.364106 0.535171 0.04 0.02 5 0.012 0 0 200
0.859028 0.683703 0.04 -0.018 5 0.012 0 0 200
0.756988 0.69374 -0.02 -0.04 5 0.012 0 0 200
0.221025 0.771205 -0.018 -0.01 5 0.012 0 0 200
0.271469 0.580671 -0.018 0.04 5 0.012 0 0 200
0.349829 0.576772 0.032 0.032 5 0.012 0 0 200
0.477269 0.453558 -0.032 -0.032 5 0.012 0 0 200
0.897245 0.996888 0.018 0.018 5 0.012 0 0 200
0.859191 0.428333 -0.032 -0.032 5 0.012 0 0 200
0.304414 0.286349 0.032 -0.04 5 0.012 0 0 200
0.420891 0.909334 0.04 -0.04 5 0.012 0 0 200
0.965067 0.884812 0.032 0.018 5 0.012 0 0 200
0.158451 0.0793723 -0.02 0.02 5 0.012 0 0 200
0.998241 0.435718 0.04 -0.04 5 0.012 0 0 200
0.148867 0.00150121 -0.01 -0.04 5 0.012 0 0 200
0.961674 0.857487 -0.032 0.032 5 0.012 0 0 200
0.550571 0.444488 -0.018 0.01 5 0.012 0 0 200
0.473019 0.0226771 0.018 0.01 5 0.012 0 0 200
0.395277 0.418782 -0.032 -0.04 5 0.012 0 0 200
0.261127 0.763686 0.02 0.02 5 0.012 0 0 200
0.995587 0.838929 -0.01 -0.018 5 0.012 0 0 200
0.626539 0.234902 0.02 0.018 5 0.012 0 0 200
0.251301 0.608151 -0.018 0.01 5 0.012 0 0 200
0.00405919 0.222883 0.01 -0.032 5 0.012 0 0 200
0.189113 0.423068 0.04 0.01 5 0.012 0 0 200
0.754883 0.318457 0.04 -0.02 5 0.012 0 0 200
0.544478 0.0483503 0.01 -0.01 5 0.012 0 0 200
0.409851 0.362367 0.04 0.01 5 0.012 0 0 200
0.636541 0.340054 0.018 0.032 5 0.012 0 0 200
0.439378 0.620115 -0.032 -0.018 5 0.012 0 0 200
0.0980939 0.66427 0.01 0.02 5 0.012 0 0 200
0.483065 0.865887 0.032 0.04 5 0.012 0 0 200
0.950003 0.705664 -0.018 0.02 5 0.012 0 0 200
0.103406 0.952742 0.018 0.01 5 0.012 0 0 200
0.569236 0.144433 -0.032 -0.04 5 0.012 0 0 200
0.735704 0.984453 0.018 0.032 5 0.012 0 0 200
0.949842 0.988184 0.04 0.04 5 0.012 0 0 200
0.557612 0.780428 -0.01 0.01 5 0.012 0 0 200
0.245763 0.539832 0.032 0.018 5 0.012 0 0 200
0.760777 0.373932 0.018 -0.02 5 0.012 0 0 200
0.799079 0.11759 -0.01 -0.018 5 0.012 0 0 200
0.642071 0.282893 0.032 -0.01 5 0.012 0 0 200
0.322732 0.162528 0.032 0.04 5 0.012 0 0 200
0.302545 0.867382 0.02 -0.018 5 0.012 0 0 200
0.852205 0.00400826 -0.04 -0.01 5 0.012 0 0 200
0.397701 0.156388 -0.04 0.032 5 0.012 0 0 200
0.938786 0.175691 -0.018 0.04 5 0.012 0 0 200
0.584125 0.385742 0.04 -0.032 5 0.012 0 0 200
0.877271 0.286798 -0.018 0.032 5 0.012 0 0 200
0.0315642 0.499929 -0.018 0.018 5 0.012 0 0 200
0.411478 0.716905 -0.018 0.01 5 0.012 0 0 200
0.369191 0.994897 -0.01 -0.018 5 0.012 0 0 200
0.700621 0.334836 0.04 0.018 5 0.012 0 0 200
0.0304795 0.268199 0.01 0.02 5 0.012 0 0 200
0.10468 0.350599 0.018 -0.02 5 0.012 0 0 200
0.130328 0.427558 -0.02 0.018 5 0.012 0 0 200
0.314689 0.980063 -0.018 0.04 5 0.012 0 0 200
0.591948 0.875437 -0.01 -0.032 5 0.012 0 0 200
0.00992113 0.74435 0.01 0.018 5 0.012 0 0 200
0.681634 0.22028 -0.02 -0.01 5 0.012 0 0 200
0.23919 0.0703486 -0.018 -0.02 5 0.012 0 0 200
0.0805169 0.247287 -0.01 -0.018 5 0.012 0 0 200
0.536488 0.755547 0.01 0.04 5 0.012 0 0 200
0.998686 0.913822 0.01 0.01 5 0.012 0 0 200
0.128626 0.809719 -0.01 -0.02 5 0.012 0 0 200
0.530654 0.696243 0.04 0.04 5 0.012 0 0 200
0.277155 0.147887 -0.01 0.01 5 0.012 0 0 200
0.756281 0.812035 0.02 0.04 5 0.012 0 0 200
0.651153 0.924165 0.02 -0.032 5 0.012 0 0 200
0.384248 0.0614001 0.01 -0.04 5 0.012 0 0 200
0.639638 0.38984 0.04 0.02 5 0.012 0 0 200
0.809471 0.783916 -0.032 -0.018 5 0.012 0 0 200
0.838316 0.572919 -0.032 0.032 5 0.012 0 0 200
0.77235 0.890999 -0.018 -0.01 5 0.012 0 0 200
0.159964 0.511089 0.018 0.01 5 0.012 0 0 200
0.344332 0.188651 -0.02 0.04 5 0.012 0 0 200
0.72662 0.300105 -0.018 -0.04 5 0.012 0 0 200
0.952299 0.290071 0.04 -0.032 5 0.012 0 0 200
0.644117 0.666685 0.04 -0.032 5 0.012 0 0 200
0.101452 0.100822 0.01 -0.032 5 0.012 0 0 200
0.89532 0.636714 -0.02 0.018 5 0.012 0 0 200
0.204457 0.307828 -0.02 -0.04 5 0.012 0 0 200
0.00695637 0.91572 0.018 0.04 5 0.012 0 0 200
0.30469 0.932747 0.018 -0.01 5 0.012 0 0 200
0.840677 0.26392 0.04 0.04 5 0.012 0 0 200
0.474039 0.177038 -0.04 0.018 5 0.012 0 0 200
0.993316 0.664373 0.018 -0.02 5 0.012 0 0 200
0.824716 0.00893071 -0.032 0.04 5 0.012 0 0 200
0.669698 0.614478 -0.032 -0.02 5 0.012 0 0 200
0.912208 0.480446 -0.02 -0.04 5 0.012 0 0 200
0.0975302 0.189691 0.01 0.02 5 0.012 0 0 200
0.348067 0.964593 -0.018 -0.01 5 0.012 0 0 200
0.675283 0.487144 0.018 0.032 5 0.012 0 0 200
0.73361 0.779128 0.01 -0.01 5 0.012 0 0 200
0.18679 0.387877 -0.018 0.02 5 0.012 0 0 200
0.00813925 0.796349 -0.02 -0.02 5 0.012 0 0 200
0.135584 0.754631 -0.01 0.032 5 0.012 0 0 200
0.427636 0.273635 0.018 0.04 5 0.012 0 0 200
0.845597 0.946764 -0.02 0.032 5 0.012 0 0 200
0.429139 0.543589 0.04 0.01 5 0.012 0 0 200
0.68095 0.730356 -0.04 0.018 5 0.012 0 0 200
0.807305 0.377603 -0.02 -0.032 5 0.012 0 0 200
0.3959 0.899401 0.02 0.04 5 0.012 0 0 200
0.44446 0.0359427 -0.018 0.018 5 0.012 0 0 200
0.229378 0.149809 -0.018 -0.018 5 0.012 0 0 200
0.584971 0.601598 0.018 -0.032 5 0.012 0 0 200
0.698153 0.857091 -0.04 0.032 5 0.012 0 0 200
0.946209 0.93413 0.032 0.04 5 0.012 0 0 200
0.0957976 0.0708156 0.02 -0.02 5 0.012 0 0 200
0.767915 0.341553 -0.018 -0.04 5 0.012 0 0 200
0.860616 0.368711 -0.032 0.01 5 0.012 0 0 200
0.717634 0.276575 -0.032 -0.032 5 0.012 0 0 200
0.00217426 0.542852 -0.018 -0.02 5 0.012 0 0 200
0.00188624 0.70211 0.01 -0.018 5 0.012 0 0 200
0.600806 0.75113 0.02 0.032 5 0.012 0 0 200
0.552275 0.0857751 0.032 -0.032 5 0.012 0 0 200
0.194505 0.0390488 -0.018 0.01 5 0.012 0 0 200
0.119983 0.554019 0.01 -0.02 5 0.012 0 0 200
0.494894 0.688858 -0.04 0.018 5 0.012 0 0 200
0.454937 0.125228 -0.018 -0.02 5 0.012 0 0 200
0.238646 0.922763 0.032 -0.032 5 0.012 0 0 200
0.503865 0.454228 -0.018 -0.018 5 0.012 0 0 200
0.978066 0.353097 -0.04 0.032 5 0.012 0 0 200
0.424763 0.995362 -0.04 0.032 5 0.012 0 0 200
0.558903 0.481713 -0.01 0.02 5 0.012 0 0 200
0.323013 0.884693 -0.02 0.02 5 0.012 0 0 200
0.376497 0.790232 0.04 0.02 5 0.012 0 0 200
0.991106 0.523054 0.032 -0.04 5 0.012 0 0 200
0.188427 0.894106 0.01 -0.032 5 0.012 0 0 200
0.175727 0.445756 0.032 0.032 5 0.012 0 0 200
0.397528 0.244822 0.04 0.032 5 0.012 0 0 200
0.535075 0.999605 -0.04 -0.04 5 0.012 0 0 200
0.488947 0.73875 -0.02 0.01 5 0.012 0 0 200
0.298366 0.642098 -0.04 -0.01 5 0.012 0 0 200
0.2642 0.409568 -0.032 -0.032 5 0.012 0 0 200
0.518839 0.130509 0.01 -0.01 5 0.012 0 0 200
0.0838095 0.58666 0.018 0.02 5 0.012 0 0 200
0.310931 0.813726 0.018 -0.04 5 0.012 0 0 200
0.831452 0.2088 0.01 0.018 5 0.012 0 0 200
0.924408 0.524496 -0.02 0.032 5 0.012 0 0 200
0.255175 0.732286 -0.02 0.032 5 0.012 0 0 200
0.224012 0.970148 0.032 0.018 5 0.012 0 0 200
0.161598 0.971212 -0.04 -0.01 5 0.012 0 0 200
0.752255 0.152478 0.018 -0.02 5 0.012 0 0 200
0.276481 0.812949 0.02 -0.01 5 0.012 0 0 200
0.46138 0.405285 0.01 0.04 5 0.012 0 0 200
0.0721423 0.49575 0.018 -0.018 5 0.012 0 0 200
0.0352612 0.634438 -0.032 -0.02 5 0.012 0 0 200
0.236056 0.387316 -0.02 0.04 5 0.012 0 0 200
0.799312 0.0338581 -0.04 0.04 5 0.012 0 0 200
0.520747 0.196796 -0.02 -0.02 5 0.012 0 0 200
0.49902 0.0267723 -0.01 0.04 5 0.012 0 0 200
0.898247 0.845207 0.04 0.02 5 0.012 0 0 200
0.956046 0.264294 -0.04 -0.032 5 0.012 0 0 200
0.196085 0.593474 -0.04 -0.018 5 0.012 0 0 200
0.721638 0.573286 0.01 0.01 5 0.012 0 0 200
