# one big heavy particle in the center and
# many small swift and light particles around
0.5 0.5 0.0756642 -0.0589743 60 0.1 200 0 0
0.281079 0.765801 -0.0524526 -0.0249824 10 0.016 0 0 200
0.568679 0.915041 0.030938 0.0919302 10 0.016 0 0 200
0.96894 0.799035 0.0757643 -0.0725582 10 0.016 0 0 200
0.409986 0.669857 0.0985971 0.0934512 10 0.016 0 0 200
0.207775 0.303915 0.0759199 -0.0796621 10 0.016 0 0 200
0.336404 0.502712 0.0966705 0.0645784 10 0.016 0 0 200
0.719289 0.390954 -0.0683604 0.0476931 10 0.016 0 0 200
0.697101 0.526523 0.0742238 -0.0683072 10 0.016 0 0 200
0.230345 0.91181 0.00645947 0.0318335 10 0.016 0 0 200
0.588166 0.837892 0.0151092 0.0347365 10 0.016 0 0 200
0.399029 0.970918 -0.0587837 0.0365734 10 0.016 0 0 200
0.250303 0.335991 -0.0400806 -0.0933907 10 0.016 0 0 200
0.410447 0.42344 0.0416711 -0.0475041 10 0.016 0 0 200
0.322219 0.329942 0.0884721 0.0473311 10 0.016 0 0 200
0.558437 0.0763354 0.0490152 -0.0146274 10 0.016 0 0 200
0.156125 0.692372 -0.0442845 -0.0556931 10 0.016 0 0 200
0.0742735 0.632568 0.076579 0.0118139 10 0.016 0 0 200
0.623039 0.791542 -0.0382326 0.00397503 10 0.016 0 0 200
0.0865785 0.588802 0.0454043 -0.0971299 10 0.016 0 0 200
0.490533 0.62055 0.0207685 0.0980685 10 0.016 0 0 200
0.0875388 0.92295 -0.0342127 -0.0530383 10 0.016 0 0 200
0.78615 0.554155 0.0600974 0.055194 10 0.016 0 0 200
0.510826 0.295333 0.0773612 -0.0893152 10 0.016 0 0 200
0.0172535 0.421662 -0.0628997 0.0471296 10 0.016 0 0 200
0.602646 0.883494 0.0311662 -0.0810331 10 0.016 0 0 200
0.460085 0.951718 0.000143598 0.0802211 10 0.016 0 0 200
0.770618 0.268251 0.00354715 0.0371592 10 0.016 0 0 200
0.167469 0.241424 -0.0759842 0.0796466 10 0.016 0 0 200
0.877725 0.585781 0.0852194 0.0879161 10 0.016 0 0 200
0.360478 0.15861 -0.0602546 -0.0395949 10 0.016 0 0 200
0.103714 0.883864 -0.0753755 -0.0106812 10 0.016 0 0 200
0.444993 0.178606 0.0219349 -0.0204835 10 0.016 0 0 200
0.357638 0.462649 0.0247435 0.0393935 10 0.016 0 0 200
0.294411 0.139613 0.0958913 -0.0146605 10 0.016 0 0 200
0.480899 0.379251 0.0505516 -0.00834452 10 0.016 0 0 200
0.506183 0.878915 0.0919582 0.0259938 10 0.016 0 0 200
0.237864 0.430719 -0.0109325 -0.0457213 10 0.016 0 0 200
0.856901 0.898672 6.85752e-05 -0.0776483 10 0.016 0 0 200
0.900924 0.242968 -0.00458791 -0.044797 10 0.016 0 0 200
0.256903 0.889534 -0.0114547 0.020545 10 0.016 0 0 200
0.172769 0.173962 -0.0251735 -0.051934 10 0.016 0 0 200
0.641111 0.852046 -0.0542896 -0.0641797 10 0.016 0 0 200
0.628209 0.33573 -0.00979795 -0.00453404 10 0.016 0 0 200
0.0980265 0.0531811 0.0194634 -0.0143906 10 0.016 0 0 200
0.576913 0.758054 0.0963854 -0.069146 10 0.016 0 0 200
0.634151 0.136273 0.0996112 -0.0885887 10 0.016 0 0 200
0.824158 0.710096 -0.00129993 0.00187927 10 0.016 0 0 200
0.0931126 0.430914 -0.0272205 -0.00569666 10 0.016 0 0 200
0.879116 0.756525 -0.0371981 -0.0875228 10 0.016 0 0 200
0.866484 0.172523 0.0324317 -0.0709787 10 0.016 0 0 200
0.181618 0.0200427 -0.0829566 0.0989179 10 0.016 0 0 200
0.948997 0.716693 0.015173 0.0961996 10 0.016 0 0 200
0.476147 0.828599 -0.0436645 -0.0748351 10 0.016 0 0 200
0.970789 0.397797 -0.0396052 -0.0800354 10 0.016 0 0 200
0.39945 0.774116 0.0569365 -0.0836096 10 0.016 0 0 200
0.668616 0.246202 0.0365913 0.0799096 10 0.016 0 0 200
0.175106 0.924943 -0.0979889 -0.0571159 10 0.016 0 0 200
0.859746 0.967286 -0.0702838 -0.0865027 10 0.016 0 0 200
0.707624 0.246869 -0.0605828 0.0482547 10 0.016 0 0 200
0.779936 0.0521151 -0.0194046 0.0583853 10 0.016 0 0 200
0.250337 0.611034 -0.0267313 0.0163023 10 0.016 0 0 200
0.029863 0.34339 0.0782496 0.0821646 10 0.016 0 0 200
0.668467 0.398923 0.0362792 -0.0274295 10 0.016 0 0 200
0.476674 0.661406 -0.0836934 0.067072 10 0.016 0 0 200
0.271757 0.68848 -0.0379339 0.00542532 10 0.016 0 0 200
0.753052 0.848854 -0.0344324 -0.0227901 10 0.016 0 0 200
0.491435 0.0913837 0.097742 0.032837 10 0.016 0 0 200
0.0671182 0.329196 0.0718273 -0.0416901 10 0.016 0 0 200
0.322537 0.01244 0.0142807 -0.0299957 10 0.016 0 0 200
0.6178 0.277678 0.0833065 -0.0683171 10 0.016 0 0 200
0.258669 0.301896 0.0565339 -0.0683021 10 0.016 0 0 200
0.779321 0.410227 0.0850291 0.0216035 10 0.016 0 0 200
0.315177 0.561879 0.0132473 -0.0549283 10 0.016 0 0 200
0.102731 0.362428 -0.0646742 -0.066807 10 0.016 0 0 200
0.703973 0.824771 -0.0895219 0.0554264 10 0.016 0 0 200
0.92556 0.308265 -0.00512549 0.0309295 10 0.016 0 0 200
0.0338404 0.0337069 -0.0652377 -0.0166313 10 0.016 0 0 200
0.123614 0.529981 -0.0875751 -0.0358594 10 0.016 0 0 200
0.835173 0.784812 0.0212158 0.0730393 10 0.016 0 0 200
0.0423614 0.264636 -0.0561228 0.00936162 10 0.016 0 0 200
